   WEEK 1           WEEK 2           WEEK 3           WEEK 4        
  1 14 20         16 22 38         18 26 32          2 22 37        
  5 11 22          7 35 40          4 28 37          7 24 32        
  3  7 30          0 24 31          8 14 17         10 29 38        
  0 26 40         14 33 36          1 12 39          6 14 16        
  9 23 25          2 12 26         20 23 38          1 40 41        
  4 17 19          8 18 27          0 33 35          4 27 33        
 15 28 38         28 30 41          6  9 11          0 15 18        
 12 13 29          6 23 39         10 25 36         12 23 30        
  8 16 33          1 10 15          5 27 29          3 13 39        
  6 24 35          3 17 37          2 30 31         11 21 35        
 10 18 41          5 21 25          3 15 19          9 26 36        
  2 32 39          9 19 34          7 21 34          5  8 19        
 21 27 31          4 11 13         13 16 41         17 20 28        
 34 36 37         20 29 32         22 24 40         25 31 34        

   WEEK 5           WEEK 6           WEEK 7           WEEK 8        
  0  6 10         16 27 30          4 34 38          1  7 33        
 19 20 30          2  6  8          9 18 22         12 32 37        
  8 26 37         15 23 37          2  7 27         10 31 39        
 27 28 35          0 12 19          8 10 12          5 36 38        
 29 39 41         22 33 41          1 23 35          9 28 29        
  7 16 17         13 18 20         15 16 32         20 34 41        
 12 33 38          9 21 32         14 25 30         13 19 21        
 22 23 34          1  5 34         11 39 40         17 26 35        
  2  4  5         10 17 40         13 17 31          4 25 40        
 14 18 24          4  7 26          3 26 29          2  3 16        
 11 31 36         24 36 39         20 21 36          8 15 24        
  1  3 21          3 28 31          0  5 28         11 18 23        
  9 15 40         14 35 38          6 19 33          0 14 27        
 13 25 32         11 25 29         24 37 41          6 22 30        

   WEEK 9           WEEK 10           WEEK 11           WEEK 12        
 10 16 24         15 22 35          6  7 28          1  9 27        
  0 37 39         20 37 40         14 19 37         14 15 31        
 11 12 41          9 24 33         15 25 33          6 18 34        
 32 35 36          3 32 34          2 38 41         17 23 32        
  6 15 29          5  6 31         22 31 32         21 38 40        
  1 19 31         13 28 36          0  8 13          0 36 41        
  3 25 27          1  4 16          3  9 35          7 29 37        
 28 33 34          7 12 14          4 18 39         13 30 33        
  7 13 23         10 19 26          1 11 26         16 19 25        
 26 30 38          8 11 38         12 16 20          4 12 35        
  5 17 18          2 18 21         17 27 36         22 26 28        
  4  9 20          0 29 30          5 23 24          3  5 10        
  8 21 22         23 27 41         29 34 40          8 20 39        
  2 14 40         17 25 39         10 21 30          2 11 24        

   WEEK 13           WEEK 14           WEEK 15           WEEK 16        
  0  1 25          0 16 34         16 23 40         11 16 28        
  3  4 41         26 31 41          9 30 37          6 21 41        
  2 23 28          4 15 21         18 29 31          2 19 29        
 17 24 29         23 29 33          4 10 14         24 27 34        
  5 30 40         11 17 30          7 19 36         12 22 25        
  7 22 39          3 20 24          5 35 41         10 13 35        
 10 11 34         19 28 39         11 32 33          0  9 17        
 18 19 38          5 14 32          2 15 17          7 15 20        
  6 27 32          7  8 25          6 20 25         31 37 38        
 12 15 36          1 22 36          0  3 38          1 18 30        
  9 13 14         12 27 40          1  8 28          4  8 32        
  8 31 35          2  9 10         12 21 24          3 36 40        
 20 26 33          6 13 38         26 34 39          5 33 39        
 16 21 37         18 35 37         13 22 27         14 23 26        

   WEEK 17        
 19 32 40        
 16 29 36        
 12 18 28        
 24 25 38        
  0  7 11        
  5 13 26        
 17 21 33        
 15 30 39        
  2 34 35        
  3 14 22        
 10 20 27        
  8  9 41        
  1  6 37        
  4 23 31        
