   WEEK 1           WEEK 2           WEEK 3           WEEK 4        
 18 28 29          8 12 14          1  2 22         19 25 30        
 10 16 24          6 11 16          3 14 27          6  8 13        
  0  1 19         13 17 28          8 28 30          3 11 26        
  3  9 25          4 10 20          9 19 23          7 17 27        
  5 17 30         22 23 27         16 20 26          0  4 16        
  7  8 22          1 30 31          5 18 25          2  5 29        
  4 11 14          3 15 29         10 17 32         10 15 31        
 20 31 32          2 25 26          4 12 15          9 20 24        
  6 12 26          7 19 21          0  6 29         14 21 22        
  2 13 27          5  9 32          7 11 24          1 23 28        
 15 21 23          0 18 24         13 21 31         12 18 32        

   WEEK 5           WEEK 6           WEEK 7           WEEK 8        
  4 13 25          9 14 31          2 15 18          9 17 21        
 10 29 30         10 18 26          5 19 24          7 26 29        
  0  5 11         11 13 19          7 10 25          1 10 11        
  9 12 22          2  8 32          1  6 14          8 19 27        
 15 26 27         12 16 23         11 29 31         16 25 31        
 14 18 19          3  4  7          8 20 21         13 18 20        
  2  3 20          5 15 28         12 13 30          3  6 28        
  8 24 31          0 25 27          0 17 22         14 23 30        
  1 21 32         22 24 29          4 26 28          2 12 24        
  7 16 28          6 21 30          3 23 32          4  5 22        
  6 17 23          1 17 20          9 16 27          0 15 32        

   WEEK 9           WEEK 10           WEEK 11           WEEK 12        
  0  8 10          0  9 28         19 29 32         12 19 28        
  7  9 15          3 18 21          0  3 30         14 17 29        
  2 19 31          5  7 12         12 20 25          3  8 16        
 23 25 29         20 27 30         22 28 31         24 27 32        
 11 12 17          2 10 14         11 18 23          5 26 31        
 16 22 30          6 15 24          1  9 26          1 15 25        
  3 13 24          1 16 29          8 15 17          7 18 30        
  5  6 20         17 19 26          2  6  7         11 20 22        
  1  4 18          4 23 31          4 21 24          0  2 21        
 14 26 32         13 22 32          5 10 27         10 13 23        
 21 27 28          8 11 25         13 14 16          4  6  9        

   WEEK 13           WEEK 14        
  6 25 32         17 24 25        
  4  8 29          5 16 21        
 10 12 21          6 18 22        
  1  3  5          3 10 19        
  2 16 17          9 13 29        
 14 24 28         11 28 32        
  9 11 30          8 23 26        
 15 19 22          2  4 30        
  7 20 23         14 15 20        
  0 13 26          1 12 27        
 18 27 31          0  7 31        
