   WEEK 1           WEEK 2           WEEK 3           WEEK 4        
 12 13 28          7 19 31         19 28 32         15 17 35        
 23 26 34          5 10 33         21 25 26          6 21 23        
 14 22 30         14 20 25         13 20 27         19 22 29        
 17 27 32          3  9 15          9 14 16          2  5 27        
 18 21 31          8 32 34          0  6 33          0 24 30        
  0  3 29          2 24 26          5 23 35          1  8 10        
  2  4 25         12 29 35          3 22 24         18 20 28        
 10 11 15          6 16 27         10 17 30         12 14 34        
  8 16 35          4 11 28          4  8 31          7  9 32        
  7 24 33          0 13 23          7 29 34         11 26 33        
  1  5  9         17 18 22          1 12 15         16 25 31        
  6 19 20          1 21 30          2 11 18          3  4 13        

   WEEK 5           WEEK 6           WEEK 7           WEEK 8        
  4  9 30          7 25 27          2 22 28         18 23 25        
 11 16 29          0  9 28          9 12 27         15 16 24        
  6  7 28         16 17 20         15 18 34          5 11 14        
  5 20 34         30 31 34         10 14 31          8 17 29        
 10 26 27         10 23 29          1 29 32          2  3 31        
 13 22 35         18 19 33          7 17 26          4 20 33        
  0  1 18          2  8 12          4  5  6          7 13 21        
 31 32 33          6 24 35         16 30 33         26 28 30        
 14 17 21         11 13 32          3  8 23          1  6 22        
  2 15 23          4 15 22          0 11 20          0 12 32        
  8 19 24          3  5 21         13 24 25          9 10 19        
  3 12 25          1 14 26         19 21 35         27 34 35        

   WEEK 9           WEEK 10           WEEK 11           WEEK 12        
  1 11 24          0  8 21         19 23 30         13 26 29        
  3 33 34         11 22 31         21 29 33         15 19 25        
 25 30 32         23 27 28          0 22 25          9 22 34        
  6 29 31          4  7 14          6  8 11          5 16 32        
  2 13 17         12 16 18          3 20 35          4 24 27        
  0  7 15          5 17 19         14 24 28          0  2 35        
 21 22 27          3 26 32          9 18 26          7 11 23        
 10 16 28         10 24 34          2 10 32         10 12 21        
  4 12 19         13 15 33          1 13 16         17 28 33        
  9 20 23         20 29 30         15 27 31          3  6 14        
  5  8 26          1 25 35          5  7 12          1 20 31        
 14 18 35          2  6  9          4 17 34          8 18 30        

   WEEK 13           WEEK 14           WEEK 15        
  1  3 28          5 13 30          8  9 13        
  2 20 21         16 22 26          3 10 18        
  6 18 32          7  8 20          2 14 29        
 13 14 19          0  4 10          6 15 26        
  9 17 24         28 31 35          0 17 31        
  0 16 34         14 23 33          1 27 33        
 11 27 30          6 12 17          5 25 28        
 12 23 31          3 19 27         11 19 34        
  8 25 33          9 11 25          7 30 35        
  5 15 29         18 24 29         22 23 32        
  4 26 35         15 21 32         12 20 24        
  7 10 22          1  2 34          4 16 21        
