   WEEK 1           WEEK 2           WEEK 3           WEEK 4        
 45 49 56          0  2  8         14 27 32          8 42 44        
 13 41 54         12 18 28         20 33 50         20 28 46        
  2  9 17          5 31 45          4 55 56          5  9 15        
 18 19 27         14 36 40         15 23 47          4 32 41        
 30 31 35         39 42 56          8 30 49         21 23 36        
  8 20 40          4 16 49          1 11 16         26 30 55        
  4 38 47         44 52 55         35 39 53          7 13 51        
 15 33 48         29 35 47          3 24 51          1 40 56        
 28 32 52         15 17 34         22 28 36         11 33 35        
 14 44 46         11 25 43         12 13 38          3 12 49        
  1 10 51          3  9 22          5 37 42         10 34 45        
 11 34 39          7 21 48         10 17 54          0 27 54        
 36 37 55         30 38 50          2 26 31         25 37 52        
  3  6 16          6 19 51         21 29 44         31 38 43        
  0 12 42         26 37 46          6  9 41          2 14 18        
 43 50 53         10 20 41         18 25 45         16 22 29        
  5  7 23          1 53 54          0  7 52         17 48 53        
 24 26 29         13 24 32         19 40 43          6 24 39        
 21 22 25         23 27 33         34 46 48         19 47 50        

   WEEK 5           WEEK 6           WEEK 7           WEEK 8        
  0 51 56          9 35 42          7 31 49         19 44 53        
  2 12 16         29 46 53         11 40 47          5  6 10        
 19 34 49         10 11 15         14 34 42         15 32 39        
  3 40 44          4 20 22          3 18 35          8 11 41        
 14 17 21         14 26 41          5 19 25         20 38 42        
 11 30 32         23 49 51         26 33 53          0 47 49        
 13 18 26         12 39 52          1 30 36         12 14 23        
 25 27 35         27 28 44          4 10 12         16 33 52        
  9 48 52          5 16 56          8 16 46         27 50 55        
  4 50 54          2 34 40         32 38 51          9 30 56        
 20 36 47          0 24 45          0  9 55          3 21 46        
  6 15 42          3 31 36         22 27 56          1 13 22        
  1  5 29          6 17 47         21 28 54         25 26 51        
  8 22 37         13 21 30         15 29 43         31 37 40        
 23 38 45         25 38 54          6 37 45         24 35 43        
 39 43 46         43 48 55         17 23 52          2 36 45        
  7 10 53         19 32 33         24 41 48          4  7 17        
 24 31 33          1 18 37          2 20 39         28 29 48        
 28 41 55          7  8 50         13 44 50         18 34 54        

   WEEK 9           WEEK 10           WEEK 11           WEEK 12        
  7 18 30          9 29 37         22 23 41          7 14 25        
 12 37 43         22 30 45          9 12 27          5 18 47        
  1  3 48         19 24 55          0  5 43         29 39 40        
 14 15 49         11 42 46         29 33 45          0 16 31        
 10 22 38          6 25 28         35 36 44          4 27 37        
  2 44 56          0  3 17         16 25 32          3 10 56        
  9 31 50          1 43 49         46 50 51         42 45 50        
  6 23 29         12 35 50         19 42 54         11 48 49        
 20 26 45         13 47 56          8 18 21         22 33 51        
 13 46 52         20 52 54         14 30 48         35 46 54        
  4 28 33          4 23 34          2 11 28         36 41 52        
 17 25 39         14 39 51          6 13 55         12 19 21        
 32 36 54         15 16 53         17 26 49         20 24 30        
  0 34 35         18 40 48          4 15 40          6  8 53        
 24 40 42          5 36 38         31 53 56         13 23 43        
 16 19 41         21 31 32          3 38 52          1  9 34        
 11 21 27          2  7 27         24 34 47         17 38 44        
  8 47 51          8 10 26          1  7 20          2 32 55        
  5 53 55         33 41 44         10 37 39         15 26 28        

   WEEK 13           WEEK 14           WEEK 15           WEEK 16        
 18 22 31         26 27 34         15 30 54         15 31 52        
 15 20 27         10 29 52          5 40 52         30 41 46        
 11 26 44         13 28 53          9 24 25         10 44 47        
  3  8 34          8 31 55         20 21 56          8  9 45        
 21 24 38          2  4 43          1  8 39          0 11 37        
 16 39 55          7 32 56         10 23 55          6 26 48        
  0  4 46         18 39 41         27 38 48         20 43 51        
 28 35 40         21 40 45          6 22 32          3  5 27        
 29 41 50         15 37 38          4 35 45          7 24 28        
 12 25 53          1 17 46         16 34 51         17 19 22        
  9 10 36          5 14 24         13 29 36         21 39 50        
 23 32 37         11 36 51         17 28 50          1 12 55        
  6  7 33          0 25 44          0 14 33          2 13 35        
 17 30 43         19 20 35          2 19 46         33 34 56        
 14 52 56          9 16 54         11 18 53         32 40 53        
 48 51 54         23 48 50         37 41 49         29 49 54        
  1 42 47         22 42 49          3 26 42         14 16 38        
 13 19 45          6 12 30         12 31 47         23 25 42        
  2  5 49          3 33 47          7 43 44          4 18 36        

   WEEK 17           WEEK 18           WEEK 19           WEEK 20        
  3 20 23         16 23 40         32 44 48          5 12 41        
  5 30 44         12 17 24          9 40 49          9 51 53        
  4 25 31          2 30 33          5 33 39         10 25 46        
 15 19 36         27 46 47          6 20 34         31 44 54        
 34 50 52         43 45 54         45 51 55         18 20 32        
  0 26 32         10 35 48          3 25 30          4  6 52        
 17 35 41         28 37 56         17 27 31          8 23 28        
  7 47 55          3  7 39          1  4 24         36 42 48        
  1 21 33          4 44 51          2 21 37          7 16 35        
 10 13 49         19 26 52         22 35 52         26 50 56        
  8 48 56          8 29 32         18 46 56          3 15 45        
 11 12 45         36 49 53         26 36 43         11 17 55        
 38 40 46          5 13 34          8 19 38         14 19 29        
  6 18 43         14 22 55         41 47 53         13 33 37        
  2 42 53          0  1  6         16 28 42          0 22 40        
 16 24 37          9 18 38          7 12 29          1  2 38        
 22 39 54         15 25 50         10 14 50         24 27 49        
  9 14 28         21 41 42         11 23 54         21 34 43        
 27 29 51         11 20 31          0 13 15         30 39 47        

   WEEK 21           WEEK 22           WEEK 23        
 25 34 36         10 27 40          9 33 46        
 16 27 30         13 31 42          2 24 50        
  9 19 23         16 21 47         40 54 55        
  7 45 46          0 23 30         12 22 48        
  2 22 47          3 41 43         23 31 39        
 12 54 56          2 51 52          1 19 28        
 13 20 48         28 38 49         16 17 36        
 10 32 43          1 15 35          7 34 37        
  6 40 50         25 33 55         20 44 49        
 11 24 52          5 11 50          0 10 18        
 21 35 49         14 20 37          3 11 29        
 15 18 44          6 36 56          8 13 25        
  0 38 41          8 24 54          4 14 53        
  3 37 53          7  9 26         15 41 56        
 29 42 55         17 18 29         27 43 52        
  4 26 39         22 34 53         32 45 47        
  5 28 51          4 19 48          6 35 38        
  1 14 31         39 44 45         30 42 51        
  8 17 33         12 32 46          5 21 26     