   WEEK 1           WEEK 2           WEEK 3           WEEK 4        
 23 32 68          2 66 75         28 29 71         30 59 76        
  0 26 30         36 44 68         42 44 58         31 45 54        
 21 69 75         52 62 74         25 40 65         15 65 72        
 14 58 62          8 20 64         18 43 57         22 28 41        
  3 36 81         30 60 79         10 59 62         20 51 67        
  4 19 38          4 24 58          3 38 48         17 19 53        
 24 27 56         28 76 82         34 63 83         38 42 79        
 15 60 83          1 15 33          5  9 16         21 26 64        
 64 65 71         16 39 40         13 22 53         37 46 68        
 44 61 72          3 41 70         26 32 82         18 25 48        
 45 53 77          0 43 65         51 68 73          1  8 36        
  5 52 55          5 21 78          0 45 66         58 69 81        
 22 63 82          6 38 54         17 31 76         11 12 66        
  8 42 78         10 18 61         46 47 67         50 62 63        
 41 47 79          9 27 55         27 33 78          2 32 71        
  6  7 25         26 29 83          1 56 69         13 33 43        
 49 66 73         42 59 67         15 23 52         49 77 80        
 20 57 76         19 69 77         12 37 39         35 39 74        
 39 43 51         11 22 81         14 30 75         24 44 73        
 11 67 70         32 46 72         24 54 77         23 34 40        
 18 31 50         35 51 71         19 55 74          6 14 27        
  1 35 54         13 14 25         36 50 80          3 55 57        
 29 34 59         47 57 63          6  8 49          0  4  5        
  2  9 40         12 49 53          4 35 64         47 75 83        
 28 33 74         48 56 80          2 70 72          9 10 52        
 10 17 48         31 34 73          7 20 79          7 60 78        
 16 37 80         17 23 37         11 41 60         16 29 82        
 12 13 46          7 45 50         21 61 81         56 61 70        

   WEEK 5           WEEK 6           WEEK 7           WEEK 8        
 33 56 75         46 52 66         44 56 81         28 37 69        
 19 30 58          3 17 27         12 76 79         60 76 77        
 14 24 79          5 26 39          1 29 63          4 41 48        
  0 10 12         22 72 80          5 49 61         15 70 82        
  7 49 82         34 47 48          8 74 80          5  8 23        
 29 32 65         43 75 78         22 47 78         43 45 67        
  4 11 71         30 31 57         45 60 65         33 35 42        
  5 37 62         36 38 76         10 20 28          3  7 31        
 57 60 74         18 37 71         71 73 82         39 57 61        
 25 27 54         14 41 83         24 30 41         66 72 74        
 36 42 52         13 44 67          0  7 57         17 62 80        
 15 34 81         11 51 65          9 31 66         49 65 83        
 22 68 77         16 23 79         17 72 83         40 47 52        
 28 38 80         62 64 70         11 33 46         12 38 55        
 31 48 70         45 49 56         38 51 62          1 16 30        
 17 43 47          4 42 82         21 35 59          9 75 81        
 21 40 83         15 25 73         13 32 69         10 11 21        
 13 18 35          7  9 33         27 36 77         24 25 64        
  3 39 69          2 12 61         53 64 75          2 18 27        
  8  9 53          0  1 21         14 16 43         26 51 63        
 41 51 55         59 63 74         15 55 68         14 53 68        
  2 44 63         20 32 77         23 48 54         32 54 58        
  6 67 78         58 60 68         18 34 42         22 29 46        
 23 59 66          8 28 40          4 39 67         19 44 50        
 20 45 73         24 29 55          3  6 26          0 56 79        
  1 46 76         10 19 81         37 40 50          6 20 71        
 16 26 72         50 53 54          2 19 52         13 59 73        
 50 61 64          6 35 69         25 58 70         34 36 78        

   WEEK 9           WEEK 10           WEEK 11           WEEK 12        
 27 51 60         26 62 69          1 28 62          3 22 79        
 44 47 66          0 35 50          7 66 81          7 12 68        
  9 18 26         20 27 81         47 50 59         30 47 74        
 28 32 70         37 54 70         14 57 78         16 34 41        
  8 75 79         25 46 53         10 31 60         46 54 80        
 24 34 80          4 14 29          0 69 74          4 15 61        
 33 69 72         40 44 80         27 72 76         45 62 75        
 56 65 67         16 56 63          9 13 29         13 20 83        
 30 45 46          7 17 41          6 42 75         33 63 81        
  7 14 71         34 57 66         11 25 32         21 51 56        
 12 36 59         52 71 75         64 77 83          1 27 43        
  6 40 41          6 18 76         46 48 71         31 32 38        
  1 13 48          2 42 65          4 21 53          6 48 53        
 22 23 25          8 68 83          3  8 35         23 49 76        
 20 54 62         13 49 58         19 40 43         57 59 70        
 29 50 77         19 23 28         36 37 67         26 52 67        
 15 37 38          9 51 72         16 17 65         14 55 60        
 57 82 83         39 60 73         15 24 26         17 24 71        
 21 39 68         10 32 47          2 56 58         40 58 77        
  3  4 76         22 24 33         20 23 44          9 42 69        
  0  2 73          1 38 45         12 30 73          8 25 44        
 11 16 52          3 21 30         45 63 68         37 73 78        
 31 42 55         31 61 79         41 52 54         64 66 82        
 35 53 58         11 74 78         55 61 80         10 29 35        
  5 10 63          5 15 59          5 33 70         28 39 65        
 17 61 74         43 55 82         18 38 39          0 11 72        
 43 49 81         36 48 64         22 34 49          2  5 50        
 19 64 78         12 67 77         51 79 82         18 19 36        

   WEEK 13           WEEK 14           WEEK 15           WEEK 16        
  2  7 55         58 61 66          6 17 77          0 18 52        
 39 42 54         12 24 48          2 38 78         16 22 51        
 10 25 72          3 15 67         23 42 51         26 27 70        
 16 36 75         28 31 63         21 31 37          5 28 77        
  0  3 20          7 43 44         20 47 72         49 63 71        
 29 37 44          0 25 71          3 58 74         38 47 61        
 13 17 51          2  8 17         28 46 64          2 57 81        
  9 74 79          6 60 64         16 24 59         35 37 66        
 35 52 60         40 59 78          4 81 83         14 48 50        
 19 31 71         41 72 82          0  9 82          9 36 54        
 38 43 58         23 33 73          5 18 54         46 69 73        
 15 56 77         34 35 56         35 40 75          8 60 62        
 68 70 81          1 18 51         29 66 67         24 76 83        
 12 40 62          4 32 79         25 69 80         58 67 72        
 23 26 46         16 70 83         36 55 62         30 78 82        
 21 22 50         19 75 80         32 50 57         11 15 45        
  1 47 53         21 47 77         45 61 76         21 33 34        
 14 59 65         30 62 65         26 41 71         43 68 80        
 27 64 67         46 55 81         10 33 68         32 39 41        
  5 48 76         22 42 76          8 13 30         53 55 79        
 34 45 69         54 68 69         12 14 22         19 25 59        
 30 80 83         20 26 74          7 27 48         31 40 74        
  8 33 61          9 37 49         19 65 79         10 13 56        
 24 28 49         11 36 39         34 43 60         12 17 29        
 11 18 82          5 14 45         11 56 73          6 23 65        
  4 57 73         27 29 53         44 52 70          4 20 75        
  6 32 66         10 38 57         15 53 63          3 44 64        
 41 63 78         13 50 52          1 39 49          1  7 42        

   WEEK 17           WEEK 18           WEEK 19           WEEK 20        
 21 46 70         27 47 68          2 14 47          4 51 66        
  8 54 76         32 61 63         30 61 77         35 55 76        
 50 67 73          6 19 21         13 41 81          3 10 16        
 36 66 79         50 51 76          9 24 63         24 32 52        
  9 57 58         12 74 83         21 32 67         20 41 43        
  5 24 43         10 40 66          8 15 46         25 56 68        
 34 37 64         48 73 81          7 28 53          9 44 46        
 13 23 78         11 34 55         42 71 72          5  6 36        
 16 32 44          0 13 80         12 51 75         26 47 65        
 38 68 71          4 30 44         25 36 74          0 22 70        
 15 19 35         24 31 72          1 52 58         33 37 83        
  1 55 65          5 42 53          0 19 54         21 29 73        
 48 49 60          7 22 62         16 64 73         27 80 82        
  4 62 72         14 54 67          4 50 78         34 50 79        
  2 29 30          9 23 35         65 76 80         15 17 30        
  3 18 28          3 25 78          5 38 40         31 39 62        
  0  6 63         56 59 71         27 49 62         19 48 67        
 26 40 53         26 36 57         34 39 82          7 54 61        
 27 42 61          1 17 60          3 66 68         23 53 74        
 25 77 81         18 49 75         29 33 60         28 58 78        
 14 17 20         41 46 65         17 18 70         14 38 77        
 33 39 59          2 43 64         22 35 44         13 72 75        
 11 47 80          8 16 69         23 57 69         12 63 64        
 41 45 74         15 28 79         48 59 83         11 49 69        
 31 69 83         33 38 52         10 37 43         42 60 81        
 10 22 75         39 70 77         20 31 56          1  2 59        
 12 56 82         37 45 82          6 45 55          8 18 45        
  7 51 52         20 29 58         11 26 79         40 57 71        

   WEEK 21           WEEK 22           WEEK 23           WEEK 24        
  7 19 72         19 29 70         52 65 77         42 45 48        
 17 39 78         11 27 75         15 21 44         28 35 81        
 28 43 48         10 14 74         35 36 82          3 51 61        
  8 38 73         17 59 82          5 27 74         22 36 83        
 22 37 61         41 44 77         13 16 61         10 39 53        
 33 50 65          2 34 68          4 17 68          6 58 73        
 63 66 69          0 42 62          7 10 24          8 12 19        
 21 24 45         43 61 73          0 53 76         14 15 31        
 10 44 79          8 26 48         30 32 51         32 59 60        
 40 60 70          9 30 67         20 38 49          0 40 68        
 27 46 57         15 76 78         39 72 79         20 50 66        
 18 56 74         36 63 65          8 22 43          2 13 24        
 32 34 53         13 47 71          3 29 47         33 47 54        
 14 36 51          7 39 83         69 70 71          4 27 63        
 30 49 68         52 56 57         34 46 58         25 30 43        
  9 71 76          6 46 50          2 26 45         16 18 62        
 26 35 77         16 28 54         18 66 78         65 74 82        
  5 41 64         18 20 24          9 12 60          7 67 80        
  4 31 52          3  5 80         48 57 75         52 64 69        
  2 54 82         33 45 79         28 42 83         11 38 44        
 29 62 81         40 51 69         37 59 81         23 55 75        
 25 55 67         22 55 66         14 64 80         46 78 79        
  6 16 47         31 58 64          6 11 62         29 41 57        
 15 58 80         21 38 60         50 55 56         34 71 77        
  1 12 20         32 35 49         40 54 63         26 37 76        
  3 59 75         37 53 72          1 19 73          1  9 70        
 11 13 42          1 23 81         23 31 67          5 56 72        
  0 23 83          4 12 25         25 33 41         17 21 49        

   WEEK 25           WEEK 26           WEEK 27           WEEK 28        
 33 53 71         45 72 81          7 23 77          6 80 81        
 55 70 78          9 14 28         20 46 63         26 28 61        
 12 45 58         12 21 27          5 32 73         14 40 42        
 31 51 80          2 10 49          0 48 55          7 16 58        
  0 28 60          3 24 40         24 37 75         20 53 60        
 25 49 50         36 53 69         10 15 36         62 73 77        
 20 68 82         23 39 50         33 49 67          5 13 66        
 13 37 65         73 79 80         18 47 58         11 48 63        
 18 46 83          1  5 83         29 40 64          2 21 41        
 24 47 81         20 30 55         43 50 72          3 37 52        
 21 23 72          0 37 58         65 78 81         22 54 74        
  3 42 73         35 65 68         16 68 74         10 30 70        
 36 40 61         25 47 51          2 79 83         46 75 82        
 29 74 75         41 61 67         13 21 62         35 67 83        
  2 35 48         43 54 59          4  9 59         43 56 76        
  1  4 77         19 33 66         19 60 82          0 27 59        
  7 11 59         22 32 56          8 66 70          1 25 31        
 17 54 57          8 11 57         41 42 80          9 17 34        
  8 39 63         26 31 75         12 35 57         57 68 79        
 15 16 27         18 60 63          3 45 71          8 29 72        
 22 38 67         17 38 64         14 69 76         23 36 71        
 41 62 66         15 29 42         44 51 54         12 15 50        
 19 32 76         48 52 82         11 31 53         19 45 51        
  9 56 64          4  6 70         17 28 52         32 33 64        
 14 26 44         44 62 76         25 26 38          4 18 65        
  5 30 69          7 13 34          6 39 56         39 47 55        
 43 52 79         46 74 77          1 34 61         44 49 78        
  6 10 34         16 71 78         22 27 30         24 38 69        

   WEEK 29           WEEK 30           WEEK 31           WEEK 32        
 29 78 80          5 19 20          9 45 47         13 70 79        
 17 46 56         59 72 77         10 26 73         48 51 74        
 33 55 77          6 24 51         27 32 37         60 61 71        
  0 16 31         13 28 57         22 48 65         35 46 62        
 27 35 79         55 58 63         34 70 76          6 44 82        
 64 74 81         30 53 56         12 54 71         21 28 66        
 36 49 70         32 62 83         14 19 63         20 33 36        
  5 12 44         37 48 79         35 38 72         29 52 76        
 20 22 69          2  4 74         30 39 64         23 38 41        
 32 40 48         31 41 49         28 36 56         19 47 49        
 25 52 63         12 43 69          1  6 57          3 34 72        
  6 15 43         16 38 50          7  8 21         17 42 63        
 30 66 71          7 70 73         18 33 80         24 50 68        
 24 61 62          9 22 39          5 29 51         10 27 58        
 28 45 59         25 60 66         50 58 82         14 18 32        
 34 38 65          8 14 81          2 60 67         30 40 81        
  8 67 82         10 42 46         15 49 74          1 22 64        
 21 42 57         61 65 75         31 43 77         16 53 67        
 10 41 50         40 67 76         44 59 69          7 65 69        
 18 53 73         27 34 44         61 78 83          2 37 77        
  7 37 47         45 52 78          0 24 46         54 73 83        
 51 58 83          3 33 82         41 68 75          9 11 43        
 39 75 76          0 36 47          3 23 62         26 55 59        
  9 19 68         11 17 35         16 42 66         12 31 78        
  3 13 60         21 71 80         17 25 79          4  8 56        
  4 26 54         15 54 64         52 53 81          5 25 75        
  1 14 72         18 23 29         11 20 40          0 15 39        
  2 11 23          1 26 68          4 13 55         45 57 80        

   WEEK 33           WEEK 34           WEEK 35           WEEK 36        
 40 72 73         24 35 78          9 41 73          2 16 76        
 53 57 65         11 30 37         11 19 24         14 35 73        
 39 48 66         31 36 46         31 35 47          8 27 71        
  4 16 46         10 55 83         13 27 40         42 47 64        
  3 54 56          8 34 52          5 67 81          5  7 46        
 12 23 47         16 21 25         12 26 34         13 39 45        
 30 42 50         29 48 68          4 23 60         17 36 58        
 29 49 79         62 67 79         17 44 45         18 21 79        
  7 64 76         15 32 75          7 32 36          1 44 74        
 19 27 83         13 63 77         15 20 48         24 65 66        
 24 36 60         12 18 81         16 33 57          9 20 78        
  8 58 59         27 65 73         38 56 83         19 22 26        
 28 44 55         17 50 69         50 70 75         23 43 70        
 10 69 78          6  9 61         10 54 65         11 50 83        
 25 35 45          5 22 57         22 58 71         49 54 55        
 20 21 52          2  3 53          3 43 46         37 56 60        
 43 62 71         54 60 72         68 72 78         30 48 72        
  2 33 51         49 51 59          0 29 61         28 34 51        
 11 14 61         41 58 76          1 66 80         15 41 69        
 34 67 74          1 40 82          2 25 39          6 29 31        
 38 63 70         39 44 71         18 55 69          4 33 40        
  9 32 80         19 42 56         59 64 79          0 38 81        
 17 26 81          7 38 74         21 63 76         25 57 62        
  1 37 41          4 28 47         14 49 52         10 77 82        
  0 75 77          0 14 33          6 28 30          3 12 32        
  6 13 68         20 70 80          8 51 77         52 61 68        
 15 18 22         26 43 66         37 42 74         63 67 75        
  5 31 82         23 45 64         53 62 82         53 59 80        
