   WEEK 1           WEEK 2           WEEK 3           WEEK 4        
 25 32 45          8 13 19         13 41 44         20 35 39        
 13 15 35         22 30 43         17 19 37          4 32 37        
  1 36 41          7 28 35          1 23 38          0 18 43        
 10 18 29         10 21 23          6 31 43          5 19 41        
  0  5  6          2  3 44          7 21 27         36 38 42        
  2 12 23          9 17 27         18 20 42         24 29 44        
  3 27 37         25 33 46         11 22 45          7 15 34        
 17 21 47         12 14 42          0  3 39         13 16 22        
 20 30 34         15 18 36          8 12 32          6 10 11        
  7  8 26          0 16 40         10 26 46         14 26 33        
 24 33 39         24 37 41          2 34 35          3 40 45        
 40 42 44          1 11 31          4 24 28          9 21 25        
  9 16 31          4 38 45         25 29 40          1  2 28        
  4 14 22         29 32 34         16 30 33         23 27 46        
 11 19 46          5 26 39          5 15 47         12 30 47        
 28 38 43          6 20 47          9 14 36          8 17 31        

   WEEK 5           WEEK 6           WEEK 7           WEEK 8        
 24 27 34         15 19 32         35 41 46         13 26 45        
 17 36 43          1 17 30          6 19 26         17 23 41        
 16 28 37          5 20 31          9 18 28          4 16 47        
 39 41 47         10 22 36         27 29 30          8 42 43        
  1 19 33          3 42 46         25 34 47         28 34 40        
  2 15 25          7  9 23          4 11 44         18 21 24        
  4  6 23         18 34 38          0 12 31          5  7 33        
 20 32 40          0  4 35          2  5 10         22 35 37        
  3 12 22         27 33 47         17 33 38          0 15 30        
 14 18 35         12 28 44          3 13 24          1  9 39        
  0  9 45          6 41 45         32 36 39          6 12 27        
  5 44 46          2  8 16         14 16 21         31 36 46        
  8 11 38         14 29 43         15 22 42         14 19 25        
  7 31 42         13 21 37         23 37 45          3 11 32        
 21 26 29         11 39 40          7 20 43         10 20 44        
 10 13 30         24 25 26          1  8 40          2 29 38        

   WEEK 9           WEEK 10           WEEK 11           WEEK 12        
 23 28 33          6 36 40         14 27 38          7 40 41        
  6 14 39         33 37 44          8 20 24         16 29 36        
 20 26 37          1 10 34         18 37 39         11 28 30        
  2 24 31          5 28 42          1  6 15         38 46 47        
  0 34 46         11 21 35          4 19 40         15 20 21        
  8 36 47         14 30 45          7 11 16          1 26 44        
 25 30 35          3  7 17          2 30 36          5 14 23        
  1  3 29          2 13 39         12 21 46          6 24 42        
 13 27 43          4 18 46         17 32 42         18 25 27        
 21 22 40          0 20 38          5 43 45         22 31 32        
  4 15 17          9 32 43          0 25 44          9 10 33        
 32 38 44         19 29 47          9 26 34          2 37 43        
  7 10 19         12 15 24         13 23 29          8 35 45        
 16 18 45          8 22 27         10 31 47          3 19 34        
 11 41 42         25 31 41         22 28 41          0 13 17        
  5  9 12         16 23 26          3 33 35          4 12 39        

   WEEK 13           WEEK 14           WEEK 15           WEEK 16        
  2 26 40         19 35 43         21 30 42         11 26 47        
  0  8 33         10 28 39          2 11 14         34 44 45        
 10 12 16          3 16 25          0 10 41         10 35 40        
 19 30 38          2 33 42         20 28 45          0  7 14        
 15 27 41         11 34 37          6 37 38         18 19 23        
 17 39 44          6 17 22         13 32 47         12 13 36        
  6 21 28         26 27 31          7 24 36          2 17 20        
  3 14 20         14 44 47         27 35 44         29 37 42        
  1 43 47          4 30 41         19 22 39          8 25 28        
 24 32 46         20 29 46         15 31 33          1 22 24        
 22 23 25          9 24 40          1 16 46         30 31 39        
  4 31 34          1 12 45          8  9 29         21 38 41        
  7 29 45          8 15 23         23 34 43          9 15 46        
  9 35 42          7 18 32         12 17 40          3  4 43        
  5 36 37          5 13 38          4  5 25          5 16 27        
 11 13 18          0 21 36          3 18 26          6 32 33        

   WEEK 17           WEEK 18           WEEK 19           WEEK 20        
  4 29 33         20 33 36          0  2 47         21 33 45        
  0 19 24          7 38 39         12 18 33          0 28 29        
  2 18 41          5 18 22         16 24 43         11 25 36        
 15 26 28         23 24 35         19 36 44          7 12 37        
  5 17 35          2  4 21          6  8 34          5 30 40        
  1 14 32          1 27 42         14 28 46          9 22 47        
  3  6 30         40 43 46         15 37 40         16 32 35        
 27 36 45          0 26 32         29 31 35          6 18 44        
 31 38 40          9 30 37         10 17 45          2 19 27        
 10 25 37          8 10 14         25 39 42         13 34 42        
 11 12 43          3 28 47          1  5 21         10 15 38        
  8 21 44         11 17 29         23 30 32         14 17 24        
 16 34 39         12 34 41         11 20 27         26 41 43        
  7 22 46          6 13 25          3  9 41          8 39 46        
  9 13 20         19 31 45          4  7 13          3 23 31        
 23 42 47         15 16 44         22 26 38          1  4 20        