   WEEK 1           WEEK 2           WEEK 3           WEEK 4        
  0 12 19          6 13 18          8  9 16          2 10 14        
  5  7 16          1  9 10          1  2 12          9 15 18        
  3  6  9         14 17 19          4  5 11         11 16 19        
 14 18 20         12 15 16          3  7 10          1  3 13        
  2  8 13          5  8 20          0 17 18          5  6 12        
  1  4 15          2  3  4         13 19 20          0  4 20        
 10 11 17          0  7 11          6 14 15          7  8 17        

   WEEK 5           WEEK 6           WEEK 7           WEEK 8        
  4 14 16          8 12 14          3  5 14          8 11 15        
 10 12 20          2  7 18          4  6 17          2  6 16        
  0 13 15         13 16 17          7  9 13          3 12 17        
  3  8 18          5 10 15          2 15 20          0  9 14        
  2  9 11          4  9 19          1  8 19          4 10 13        
  1  5 17          3 11 20         11 12 18          1  7 20        
  6  7 19          0  1  6          0 10 16          5 18 19        

   WEEK 9        
 11 13 14        
  1 16 18        
  0  2  5        
  4  7 12        
  9 17 20        
  6  8 10        
  3 15 19        