   WEEK 1           WEEK 2           WEEK 3           WEEK 4        
  3 19 34         30 37 38         17 22 27          5  9 13        
  2 13 22          6 13 36          6 29 38         11 21 36        
  9 30 35          2 20 27          1  5 18          0  2 26        
 10 11 24         14 18 29         14 21 30         25 27 34        
  0 18 23          0 16 25          4  7 35          6 18 31        
 27 32 38         26 34 35         13 15 16          3  8 16        
  1  6 14          8 23 33          3 11 31          1 32 37        
  4 29 31         17 28 32          0 20 28          4 12 24        
  5 16 28         11 15 19          2  8 25         15 20 38        
 12 33 36          3  9 24          9 34 36         14 19 22        
  7 20 21          1  4 21         26 32 33         23 29 35        
 15 25 37          7 10 31         10 12 19          7 28 33        
  8 17 26          5 12 22         23 24 37         10 17 30        

   WEEK 5           WEEK 6           WEEK 7           WEEK 8        
  6 12 37         14 17 33         10 28 38          3 21 29        
  8 19 29         18 21 27          5 31 32          6  8  9        
 15 21 31          3 23 36          8 14 35          4 15 27        
  4 16 38         16 20 31          6 17 20          1  7 26        
 18 26 28          9 15 28         21 22 24         18 19 35        
 11 20 34          6 10 35          2 12 15         16 24 36        
 22 32 35          0 19 32          1  3 30          5 14 20        
  7 17 36          2  5 37          0 11 27          2 10 33        
 23 27 30         11 22 30         13 33 34         25 30 31        
  3  5 33          1 13 38         25 29 36         13 23 32        
  0  1 24          4 25 26          7 19 37         11 12 28        
  2  9 14          7 12 29          4  9 18         17 34 37        
 10 13 25          8 24 34         16 23 26          0 22 38        

   WEEK 9           WEEK 10           WEEK 11           WEEK 12        
 15 33 35         24 30 32          7 30 34          8 10 21        
 23 25 38         12 13 31         12 16 27         18 22 34        
  0 13 14          2 11 38          6 25 33          7 14 38        
  9 11 17          4 17 23          4 10 32          2  4 36        
  2 24 31          6 21 26         35 36 38          5 29 30        
  6  7 32          9 22 33          8 31 37          3 25 35        
  3  4 22         16 35 37          0  9 21         23 28 31        
 12 21 34          0  3 10          5 19 23         13 19 27        
  8 28 30          1 19 20         14 15 24         11 16 32        
 19 26 36         28 29 34         11 13 29          1 12 17        
 18 20 37          5  8 15          2 17 18          0  6 15        
  5 10 27         14 27 36          1 22 28          9 26 37        
  1 16 29          7 18 25          3 20 26         20 24 33        

   WEEK 13           WEEK 14           WEEK 15           WEEK 16        
 13 18 30         10 22 37          7 11 23          2 16 30        
  3 12 38         16 21 33          0 31 36          5  6 34        
 17 19 31         15 26 29         12 26 30          0 17 29        
  0  4 37          4  6 30          2 21 35          4 11 33        
  5 24 35          8 11 18         14 16 34         10 18 36        
 21 25 32          3 13 28          6 19 24         13 20 35        
 11 14 26          1  2 34         20 22 29         19 21 38        
  1  8 36          0  5  7          3 15 32          3 14 37        
  7 16 22         17 24 38          4  8 13         24 25 28        
 10 15 34         27 31 35          1  9 10          7  9 27        
  9 20 23          9 19 25         18 33 38          8 12 32        
 27 29 33         12 14 23          5 17 25         22 26 31        
  2  6 28         20 32 36         27 28 37          1 15 23   