   WEEK 1           WEEK 2           WEEK 3           WEEK 4        
  5 57 61          1 34 64          1 39 68         11 23 25        
  4 47 80         38 39 77          2 47 67         31 60 79        
 31 33 43         56 68 75         20 64 69         18 35 66        
 44 69 75         19 35 71         14 27 71         12 78 80        
 32 34 54         48 72 80         41 51 75         46 58 72        
  9 56 71         53 63 66          9 31 42         13 47 65        
  6 18 25          2  8 41         61 62 76          9 24 28        
  7 11 27          7 28 70          5 79 80         36 55 56        
 20 21 37          4 23 42         11 13 73          1  7 75        
 53 64 72         14 51 74         12 22 23         10 32 53        
  2 16 29         10 44 49          3 52 70          8 39 44        
  3 30 46         26 43 50          6 26 48         43 57 74        
 23 35 45         47 60 78         18 29 36         16 34 76        
 14 73 76         11 24 79         15 35 44         54 73 77        
 13 22 36          6 46 57          4 40 43          3 19 26        
 42 59 74         31 45 62         56 65 66         29 62 69        
 38 40 48         58 59 61         33 57 72         37 52 59        
 55 68 78         25 36 76         25 50 74         20 22 40        
 41 52 63         17 32 40          0  8 54         64 67 71        
  1 24 62         33 55 73         17 24 34          0 27 33        
 12 26 39         21 22 69          7 46 49         21 42 48        
 49 66 67          0  5 16         37 55 77          5 41 45        
 17 70 79          3 18 37         21 53 60         14 17 49        
  8 58 77         30 52 65         19 30 45          2 51 63        
 19 28 65         13 27 29         28 32 58         15 50 61        
  0 15 60         20 54 67         10 38 63          4 68 70        
 10 50 51          9 12 15         16 59 78          6 30 38        

   WEEK 5           WEEK 6           WEEK 7           WEEK 8        
 32 45 65         27 37 48          6 56 79          0 76 77        
 19 25 70         14 24 32         40 46 76         10 13 17        
 58 71 74         11 52 74         20 41 53          5 42 75        
  5 63 77          6 44 50         12 55 59         46 53 67        
  4 14 38         43 46 47          2  3  4          9 11 62        
 18 39 76          4 61 78         24 38 67         21 26 78        
  8 23 61         40 70 77         42 45 47         29 61 73        
  2 52 68          1 10 41          7 36 73         34 63 71        
 20 36 62         36 42 66         15 30 49         36 52 58        
 49 50 64          7  9 63         14 68 80         47 56 57        
 11 28 42         26 38 76         25 62 72         27 38 44        
  0  1 40         16 51 53          8 26 75          2 32 49        
 43 51 60         21 65 80         10 28 61          7  8 59        
 27 41 79          5 23 64         11 63 65         23 55 60        
 13 67 75          8 57 67          0 32 70         35 54 64        
 31 73 80          3 35 72         54 71 78         19 40 69        
  9 22 78          2 31 71         19 21 58         24 31 72        
  6 37 72          0 29 49          1 31 37          4 28 33        
  7 30 34         15 22 34         17 27 69         22 39 50        
 59 66 69         25 39 60         29 34 48         25 45 68        
 15 33 47         17 30 59          9 44 74          3 20 43        
 16 26 54         12 33 56         23 33 66          6 12 65        
 10 12 29         28 54 69         18 43 64          1 15 80        
 21 35 46         13 20 79         13 16 60         16 66 74        
 24 53 57         18 58 73          5 35 50         37 51 70        
 17 48 55         19 62 68         39 51 57         30 48 79        
  3 44 56         45 55 75         22 52 77         14 18 41        

   WEEK 9           WEEK 10           WEEK 11           WEEK 12        
 11 35 57         45 77 80         27 55 66         23 40 62        
  7 10 56          2 40 59         38 43 75         12 32 72        
  1 59 71         19 32 78         24 63 74         11 69 70        
 16 20 75         51 58 62          4 20 34         43 44 79        
 17 21 72         31 34 57         44 57 58          8 28 48        
 54 62 65         13 53 76         14 35 56         10 21 33        
 23 24 29          6 22 64          3 21 28         31 59 63        
  3 25 31          7 17 66         45 69 71          0  4 64        
 42 43 78          1 29 33         18 26 60          3 71 80        
  0 68 69         10 15 36         13 51 52         20 49 52        
 18 32 77          4 44 46          7 33 40          1 22 55        
  8  9 50         28 50 71         17 39 65         42 53 65        
 48 67 73          5 68 73         15 54 68         27 60 73        
 12 49 51          9 38 69         25 29 78         39 67 74        
  2 34 79         21 30 41          8 32 62          9 14 26        
 22 26 47         11 14 55         11 22 67         30 50 57        
  6 15 27         39 54 79         50 72 73         25 75 77        
 19 38 53          8 43 56          2  5 70          5 17 18        
 64 66 76         60 63 67         10 48 59         34 36 51        
 14 46 60         23 47 72          1 42 46         15 45 76        
 44 63 70         16 42 70         36 41 47          6 13 24        
  5 40 52         24 25 49          0  9 80         47 54 58        
 13 30 74         35 37 74          6 19 49         35 41 68        
 33 39 80         18 27 52         61 77 79          2 56 61        
  4 37 58          3 12 75         12 30 76         29 37 66        
 36 45 61         20 26 65         16 31 64          7 38 78        
 28 41 55          0 48 61         23 37 53         16 19 46        

   WEEK 13           WEEK 14           WEEK 15           WEEK 16        
 42 62 64         58 69 79         22 51 79         36 64 74        
 18 23 69         40 63 73          1 53 73         14 33 58        
 38 47 71         52 53 61          0 34 50         39 47 53        
  6 10 58         18 24 51         12 37 54         12 31 68        
  0 45 59         14 28 57         31 32 41         29 38 51        
  5 31 78          4  9 75          5 11 76         59 70 75        
 40 61 66         17 31 46          9 59 72          7 13 32        
 17 29 56         45 48 50          4 13 63         25 40 55        
 25 33 54          0 36 72          3 66 77          2 11 46        
 30 37 73         15 43 65          7 21 68         22 49 62        
 13 15 77         11 44 77         36 38 70         24 35 76        
  2 27 43         13 35 80         26 33 69         17 50 63        
 22 65 68          6 54 76         74 75 80         21 27 77        
 21 76 79         34 62 74         29 39 55         20 23 28        
  4 24 50         22 33 71          8 45 64          0 30 71        
 11 41 48          5 59 67         49 57 71         19 42 61        
 19 34 52         12 21 70         15 17 58          3  9 16        
 16 28 80         19 39 56         18 20 61          1  4 54        
 32 35 60         30 47 66         24 46 48          5 43 69        
  1 67 72         37 38 68         10 30 35         48 57 78        
 14 36 75          1  3 23          6 43 52          6 34 80        
  3 39 63          8 16 49         14 19 47          8 10 72        
 26 49 74         29 41 60         28 60 62         18 56 67        
  8 46 70         20 27 78         40 56 78         26 37 41        
  7 12 57          2  7 25         25 27 65         15 52 73        
 20 44 51         10 42 55          2 42 44         45 66 79        
  9 53 55         26 32 64         16 23 67         44 60 65        

   WEEK 17           WEEK 18           WEEK 19           WEEK 20        
 19 63 72          6 45 67         12 17 38         22 28 44        
 24 41 71          1 11 51         34 69 72         33 36 49        
  4 59 76         44 54 72         35 55 65         23 57 65        
  3 47 64         41 74 78         45 49 58          2 12 64        
 40 44 80         10 52 57         28 63 79          7 24 47        
 14 22 37         58 60 75         21 43 67          5  9 54        
  8 17 20          9 18 47         10 11 54         37 63 80        
 34 42 56         23 36 39          1  9 66         30 77 78        
  9 48 65          5 13 56         13 18 42         41 56 62        
 11 30 33         25 59 79          0 22 53          0 20 35        
 15 18 75         37 42 49         41 59 77         16 43 72        
  0 28 74         20 63 68          7 16 37         55 67 76        
 38 52 79         12 27 34         30 31 44          1 18 79        
 51 68 77          2 24 69         25 61 80         50 66 68        
  7 26 31         14 64 70          6 23 74         13 31 69        
  5  6 62          7 29 50         19 57 64         51 61 71        
 27 45 53         32 38 61          8 29 52          6 21 40        
 23 32 46         19 43 77          3 27 62         48 60 70        
  1 49 78         33 35 48         14 39 78         17 26 52        
 29 57 70         15 26 28         56 60 76         14 25 53        
 10 60 69          8 53 71         15 46 51          4 39 45        
 13 25 58         17 22 76         40 47 75         29 42 58        
 12 43 73         16 30 40         26 70 73          8 11 19        
 35 36 67         46 55 80          2 20 50         38 46 59        
 21 50 55         21 31 66          5 24 33          3 15 32        
  2 54 66          0  3 65         36 48 68         34 73 75        
 16 39 61          4 62 73          4 32 71         10 27 74        

   WEEK 21           WEEK 22           WEEK 23           WEEK 24        
 11 72 78          5 22 27         19 59 60         33 61 68        
 62 66 75          6 55 71         12 14 62          6 41 66        
  7 43 80         17 44 68         36 43 53          5 28 36        
  3 50 60         33 50 70         34 44 66          9 64 79        
 19 33 44         10 16 73          9 51 73         18 31 55        
 13 23 59         37 75 78         30 39 75          4 52 60        
  6 17 77         29 54 80          1 47 77         26 27 58        
 12 45 63         21 45 74         13 21 61         32 48 74        
 27 35 70         42 57 76         17 64 80          8 15 63        
 28 39 40         43 58 63          3 55 58         14 40 50        
 34 46 68         38 49 60         20 48 56         16 62 71        
 10 20 25         35 39 62         15 37 71         23 30 80        
 29 47 76         28 51 56         11 16 18         35 69 78        
 14 31 61         32 47 79         10 23 78         12 20 42        
  0 52 67         46 52 66         57 63 69         46 54 56        
 32 37 57         11 40 64          4 22 25         25 47 73        
  2  9 58         18 30 72          8 40 74         51 72 76        
 15 38 55         36 65 69          2 33 76         49 65 77        
 22 24 30          9 34 61         27 50 67         13 44 45        
 26 36 71          7 14 77          5 29 32         10 19 37        
  8 42 79          4 19 67         41 46 65         22 29 75        
  4 16 69          1 12 13          7 35 52         34 53 70        
  1 21 56         15 20 31         31 49 54         24 39 43        
  5 51 65          0 25 41          0 26 79         11 21 59        
 18 54 74          3  8 24         24 45 70          3  7 67        
 48 49 53         26 53 59          6 28 68          1  2 17        
 41 64 73          2 23 48         38 42 72          0 38 57        

   WEEK 25           WEEK 26           WEEK 27           WEEK 28        
 38 65 73         32 43 55          4 26 35          9 13 37        
 36 40 60         46 61 63          2 15 53          2 28 30        
 50 53 75          1 14 52         20 24 59         14 45 72        
 44 71 76         10 26 66         28 43 66         65 75 79        
  6 32 59          3 29 74         18 33 63         17 57 60        
 16 24 55         17 37 47         10 31 70         12 36 46        
 12 48 52         24 27 68         22 57 80          7 23 76        
 17 33 42          6  8 33         47 55 74          0 39 73        
 23 41 43          5 34 60         17 36 78         27 40 54        
 14 21 54         15 62 67         25 52 71         20 70 71        
  0 11 66         13 71 72         13 38 64         16 32 33        
 49 56 80         48 64 75          1  6 16         56 58 64        
  5 37 39         12 16 41         30 32 42         22 38 74        
 25 35 63         20 58 80         46 50 69          8 47 51        
  7 18 45          4 11 36          5 21 49          6 11 61        
  3 78 79         53 69 77          9 29 40         43 59 62        
 29 46 64          0  7 42         34 39 58         18 49 68        
  2 26 57          2 21 39         27 61 75         26 55 63        
  9 19 20         31 50 65         60 72 77         15 21 24        
 22 31 58         23 38 54         12 67 79         41 42 80        
  8 13 68         45 51 78          3 68 76          3 10 34        
 27 28 72         18 44 59          0 37 62         50 52 78        
 10 47 62          9 25 57         23 44 73          4 48 66        
  1 61 70         35 40 79          7 48 51         29 44 53        
  4 30 51         28 49 76         11 45 56          1  5 19        
 34 67 77         19 22 73          8 14 65         25 67 69        
 15 69 74         30 56 70         19 41 54         31 35 77        

   WEEK 29           WEEK 30           WEEK 31           WEEK 32        
  6 31 47         16 58 68          4 31 74          0 23 31        
  2 36 37          5 44 47         22 54 59          3 33 51        
  8 18 38         31 39 52         33 34 78         36 57 77        
 16 22 63          0 24 56          8 35 73         26 67 80        
 15 29 59         22 43 61         12 47 69          4  8 27        
 11 53 58          7 60 64         13 49 55         22 66 70        
  4 56 77         51 54 55          5 15 72          9 10 39        
 46 73 79          1 26 30         25 43 48         30 64 68        
  3 13 48         17 71 73         70 76 80         37 40 65        
 17 45 54         15 19 48         28 45 46          5  7 53        
 44 61 67          4 49 79         44 52 62         19 74 76        
  9 21 52         33 46 75         10 64 77         29 43 71        
  0 10 43         42 50 77         24 26 61         21 32 75        
  1 27 57          2 72 74         14 29 30         24 42 54        
 41 50 76         53 62 78          6  9 60         49 69 73        
 19 66 80          8 37 76          0  2 18         11 12 60        
 26 68 72         12 28 35         23 63 75          2 13 14        
 65 70 74         10 40 67          7 39 41         38 50 58        
 20 33 60         21 36 63         19 36 79         17 41 61        
 39 42 71         13 41 57         16 21 38         15 25 56        
 28 64 78          6 14 69         42 51 67         28 47 52        
 32 51 69         11 20 29          3 17 53         16 44 48        
  5 25 30         25 32 66         20 57 66         18 46 62        
 35 49 75          3 38 45         40 68 71         55 72 79        
  7 55 62         27 59 80          1 58 65         34 35 59        
 14 23 34         18 34 65         27 32 56          6 63 78        
 12 24 40          9 23 70         11 37 50          1 20 45        

   WEEK 33           WEEK 34        
 30 36 54          1 36 44        
 20 39 46         11 34 38        
  8 21 25         28 29 67        
  9 17 43         13 43 54        
 24 66 73         52 72 75        
  3 22 41         53 56 74        
 32 52 80         16 17 35        
 13 33 62          5 14 20        
  2  6 75         10 22 46        
 34 40 45         31 40 51        
 28 31 53          0 58 78        
 44 55 64          4  6  7        
 10 18 71         15 39 66        
  1 35 38         41 49 70        
 14 42 63          9 32 76        
  5 12 58         12 18 50        
  7 74 79         24 64 65        
 23 27 49         33 37 45        
 37 60 61         57 68 79        
 11 47 68         21 23 71        
 67 70 78         30 61 69        
  0 19 51          3 59 73        
  4 65 72         48 62 77        
 50 56 59         27 47 63        
 26 29 77          2 19 55        
 15 16 57          8 60 80        
 48 69 76         25 26 42      