   WEEK 1           WEEK 2           WEEK 3           WEEK 4        
  6 18 28          4  6  9          3  7 12          2 18 22        
  8 11 19         13 18 29          2 14 25         15 27 28        
  0 10 29          5  7 22         11 17 29          3 11 23        
 14 20 22          2  8 12          5  9 26          5  6 24        
  5 17 21         11 25 26          0 19 24         17 20 25        
 16 23 27         19 21 28          4  8 18          9 14 21        
  4  7 24          1 16 17         10 15 20          0  1  7        
  1  9 25          0 20 23          6 16 21          4 16 19        
  2  3 26         10 24 27         13 22 27          8 10 13        
 12 13 15          3 14 15          1 23 28         12 26 29        

   WEEK 5           WEEK 6           WEEK 7           WEEK 8        
  2  5 10          8  9 27         10 12 21          3  4 22        
  0 22 26          0  5 12          7  9 19          0  8 17        
  4 25 29          4 13 14          4 20 27          5 11 14        
 18 21 27         15 19 25          1 13 26         13 21 24        
 13 17 19          2 17 23          3 18 24         10 25 28        
  8 14 28          7 10 18         14 23 29          7 26 27        
  1  6 20          6 22 29         15 17 22          2 16 29        
  3  9 16         24 26 28          5  8 16          1 15 18        
 12 23 24          1  3 21          2 11 28          9 12 20        
  7 11 15         11 16 20          0  6 25          6 19 23        

   WEEK 9           WEEK 10           WEEK 11           WEEK 12        
  4 10 17          7 20 28          6 10 14          0  4 21        
  9 15 29         16 24 25          4  5 28         15 23 26        
  5 18 23          0 14 18         18 19 26          8 24 29        
  3  8 25          3 10 19          0 15 16          1  2 27        
 13 16 28         12 17 27          9 17 24         12 18 25        
 20 21 26          9 13 23          8 22 23          3 17 28        
  0 11 27          1  5 29          3 27 29          6 11 13        
 12 14 19          2  4 15          7 21 25          5 19 20        
  1 22 24          6  8 26          2 13 20          7 14 16        
  2  6  7         11 21 22          1 11 12          9 10 22        
