   WEEK 1           WEEK 2           WEEK 3           WEEK 4        
  9 17 19          2  7 12         14 18 23         11 21 22        
  2  5 21         15 19 20          0  8  9          4  8 16        
  1 15 16          0 17 18          5  7 16          1  5 14        
  8 20 22          5  9 10          3 15 21          7 13 20        
  0  3  7          1 22 23          2 11 17          3  6 19        
  4 10 23          3 11 16         13 19 22         12 17 23        
 11 13 14          4 13 21          4  6 20          2  9 18        
  6 12 18          6  8 14          1 10 12          0 10 15        

   WEEK 5           WEEK 6           WEEK 7           WEEK 8        
  3 14 20          6  9 13          0 12 20         10 17 20        
  6 16 23          3  8 10          4  5 18         16 18 22        
  2  4 22          4 12 14          1  3 17          5  8 15        
 10 11 18          5 17 22         14 16 19          9 14 21        
  1  8 19          0  2 16          2 13 15          1  2  6        
  7 17 21          7 15 23          8 11 23          3 12 13        
  0  5 13         18 19 21          7  9 22          0 19 23        
  9 12 15          1 11 20          6 10 21          4  7 11        

   WEEK 9           WEEK 10        
 13 16 17          1 13 18        
  3  4  9          2  3 23        
  7  8 18          9 16 20        
 11 12 19          4 15 17        
  2 10 14          8 12 21        
  0  1 21          5  6 11        
  5 20 23          0 14 22        
  6 15 22          7 10 19        