   WEEK 1           WEEK 2           WEEK 3           WEEK 4        
  4 17 22          2 12 22          3 10 26          3 12 14        
  0 11 15          5 11 23          2 20 24         10 17 24        
  6 10 18          7 10 15          4 12 21         18 21 25        
  1 19 26          3  4 24          0  1  7          0  9 19        
  3  7 23          1 18 20          8 11 13          5  7 26        
  9 12 16          0  8 26          6 14 15          4  8 20        
  8 14 24          6 13 19          9 23 25         13 16 22        
  2 13 21          9 17 21          5 16 17          1  6 11        
  5 20 25         14 16 25         18 19 22          2 15 23        

   WEEK 5           WEEK 6           WEEK 7           WEEK 8        
 11 17 18          1  4 15          0  5 13         22 24 26        
  2  5  9          7  9 20         10 22 23          3  9 15        
  4 10 16          5  8 10          1 17 25          2  6 25        
  7  8 22          6 21 22          2  3 16          7 12 18        
 15 25 26          3 13 25         11 21 26         10 13 20        
  1 12 13         12 17 19          4  9 14          0 17 23        
 14 19 20          0  2 18          8 15 18          4 11 19        
 21 23 24         14 23 26          7 19 24          5 14 21        
  0  3  6         11 16 24          6 12 20          1  8 16        

   WEEK 9           WEEK 10           WEEK 11        
  6  9 24         11 14 22         13 18 23        
 15 16 19         15 20 21          8 19 25        
  7 11 25          3  8 17         17 20 26        
  3  5 18          0 12 25          0 16 21        
  1 10 21          9 18 26          9 10 11        
 13 14 17          2 10 19          1  3 22        
  2  4 26          1  5 24          4  5  6        
  8 12 23          6 16 23          2  7 14        
  0 20 22          4  7 13         12 15 24        