   WEEK 1           WEEK 2           WEEK 3           WEEK 4        
  5 12 69         14 40 72          4 16 68          0  3 62        
 17 53 57         18 62 77          5 19 35         25 56 72        
 42 47 67         21 43 70         17 27 39         21 29 58        
 13 27 63         58 59 66         21 51 61          2  5 15        
 15 59 86         23 24 86         50 66 82         26 73 86        
  9 46 61         30 42 78         11 38 85         43 63 78        
  1 33 40         19 44 81         36 41 53          7 23 33        
 14 49 85          3 55 74         42 69 76         46 51 59        
 10 29 30         20 73 80          2  8 47          6 38 77        
 60 80 84         17 34 64         70 78 84         65 70 76        
  6 19 83          6 45 75         34 59 81         27 40 69        
 26 52 74         10 13 36          1 18 25         17 55 83        
  2  4 78          4 37 84          6 48 49         19 48 60        
 23 39 54         16 33 53         24 31 60         12 13 68        
 11 43 65         15 31 35         20 57 71         14 31 34        
 18 31 56         28 50 68         10 40 79          1 16 35        
 20 36 77          9 60 82         13 22 73         45 66 71        
 21 38 45         39 69 85         33 45 54         47 49 81        
 32 73 79         12 22 61          3 12 83          8 20 39        
 37 71 81         48 51 63         44 67 86         50 53 80        
 44 58 75          1 76 79         15 37 77          4 18 67        
 35 64 76         25 38 57          9 26 43         11 36 44        
  3 34 50          7 46 67          7 32 80         41 61 79        
  8 48 55         27 65 71         30 46 75         42 52 57        
 62 68 70          5 26 32         55 63 65         28 30 84        
  7 51 72          2 41 54         28 29 72         22 37 54        
 22 25 41          0  8 56         23 52 58         32 75 85        
  0 28 82         11 47 83         56 62 64         64 74 82        
 16 24 66         29 49 52          0 14 74          9 10 24        

   WEEK 5           WEEK 6           WEEK 7           WEEK 8        
 17 36 43         45 55 61         30 31 74         15 25 66        
 30 52 61          6 40 68         20 44 79          2 27 74        
  3 16 31          9 35 79         40 84 85          4 19 32        
  6 24 80         38 42 64         33 65 72          0 63 67        
  5 18 73          1 71 77         13 45 69          3 13 26        
 15 72 83         12 44 52         25 47 50          1  6 12        
 11 55 60         27 43 57         34 37 38         44 68 69        
 45 49 56         11 19 74         14 15 78          7 40 59        
 46 76 78         26 49 65          1 29 82         23 29 70        
 53 67 77         14 22 56         24 41 71         55 57 80        
 32 66 69         10 23 72         39 56 60         18 20 37        
 14 38 71         16 32 34         16 80 86         11 16 58        
 39 40 42          8 70 81          4 35 62         28 39 41        
 26 34 58         59 62 67         18 54 81         71 79 82        
 28 44 64         50 51 86          9 42 51         54 60 76        
 13 19 54         18 41 60          8 26 76          9 45 52        
 35 47 48          4 15 58         17 52 67         42 72 85        
 63 79 81          2 31 84         43 46 58         30 33 51        
 12 57 82         17 54 69         19 66 68         48 56 65        
 27 37 41         36 46 48          0 55 73         73 78 81        
 10 50 70         29 37 75         32 57 59         35 36 84        
 33 75 84          5 66 85          7 27 77         22 47 64        
  2 23 65         47 63 80         48 53 75         14 24 50        
 51 68 74          7 39 73         22 23 28         34 61 75        
  0  1 22          3 76 82          5 49 70          5  8 53        
  7 62 85          0 13 25          3 11 61         10 43 86        
  8  9 86         20 28 33          2 10 83         21 49 77        
  4 29 59         24 53 78          6 63 64         38 62 83        
 20 21 25         21 30 83         12 21 36         17 31 46        

   WEEK 9           WEEK 10           WEEK 11           WEEK 12        
 40 46 73          7 16 37          5 24 27          4 13 60        
  3 69 80         10 14 55         34 42 71          7 28 65        
 19 67 85         51 53 81         12 37 78         11 12 86        
 23 30 47         56 73 85         36 72 74         25 55 64        
 15 20 26          2 28 57          2 22 62         37 44 46        
 58 74 78         44 59 82         11 23 40         20 38 59        
 53 63 72         60 62 78          1  3 60         73 82 83        
  9 49 68          8 30 58         21 44 84         15 27 53        
  0  7 21         31 47 65          7 57 63         47 68 79        
  2 29 51         27 38 70         30 56 66         56 63 69        
 12 50 71         36 50 52         54 61 65          9 39 84        
  5 44 54          0 34 83          0 18 39         29 40 61        
 25 37 48         13 46 72         13 43 50         26 71 85        
  8 17 32         12 18 76          4 51 55         19 51 78        
  1 11 75          3 35 63         35 58 83         23 31 42        
 39 43 79          9 23 32         28 59 77         22 34 48        
 31 41 86          4 17 40         10 31 64          2 33 81        
 36 66 83         41 43 66         29 32 47         30 43 49        
 24 55 84         15 54 71         26 67 70          5 58 80        
  4 27 64         49 75 79         19 20 53          3 17 24        
 33 35 82         22 26 39          9 48 69         41 70 75        
 34 56 77          1 45 84         14 46 52         16 52 76        
 42 59 60          5 29 77          6 81 82         32 45 62        
 45 57 76         25 67 69         16 41 45         10 18 21        
 13 14 61         33 61 64         68 75 76          8 74 77        
 10 62 65         20 68 86         25 49 73          0  6 35        
  6 18 52          6 11 42         15 79 80         50 54 72        
 22 38 81         19 21 80         17 38 86          1 57 66        
 16 28 70         24 48 74          8 33 85         14 36 67        

   WEEK 13           WEEK 14           WEEK 15           WEEK 16        
 24 29 43          2 17 73         22 77 86          0 17 45        
 31 37 73         19 43 72          5 52 75         34 53 65        
 17 25 80          0 61 86         19 25 65         18 26 38        
 21 39 67         24 49 64         15 46 56          3  6 33        
  8 52 54          8 10 78         35 45 51         15 40 64        
 18 57 75          9 50 62          3 64 73         31 49 59        
 19 46 64         31 57 67          7 20 58         35 69 70        
 12 15 84         13 55 77         24 40 76          2 46 71        
  2  6 85         29 35 74         11 67 81          7 14 66        
 49 62 66         14 32 53         36 37 57         16 29 50        
 61 69 82          7 68 83         12 47 62          9 28 47        
 58 72 86         15 36 63         17 42 74         25 39 74        
 35 50 59         22 33 60         23 34 82         32 41 51        
 22 40 53         16 56 82         16 60 63         43 62 80        
  4 14 65          6 71 76         29 66 78          5 10 57        
 34 41 44          5 39 46         18 33 69         13 52 56        
 36 78 79          1 21 37          8 31 83         20 30 85        
 11 27 68         30 45 79          6 39 53         11 48 73        
 20 23 81         11 34 66          2 38 79          8 19 75        
  1  9 74         18 59 70         44 61 72          4 12 42        
  3 42 70         47 51 69         13 41 85         58 82 84        
 26 45 47         25 54 84          1 49 55         54 79 83        
 10 51 76         26 44 48         14 27 59          1 61 67        
  5 16 83         12 41 81         10 26 28         21 27 76        
  0 60 77          4 23 80         21 32 50         22 24 44        
 30 55 71         28 42 75          9 70 71         55 72 78        
 13 28 48         38 40 58          4 30 54         63 68 77        
 32 33 63          3 65 85          0 43 84         36 81 86        
  7 38 56         20 27 52         48 68 80         23 37 60        

   WEEK 17           WEEK 18           WEEK 19           WEEK 20        
  9 17 56         38 49 51         47 59 72         14 18 68        
 15 18 42         15 41 74         42 48 86         57 58 60        
 28 37 66          7 10 75         32 64 68          2 21 40        
 40 43 48         25 52 81         61 63 70         20 31 50        
 78 82 86         24 54 73         30 62 82         41 77 80        
 27 58 79         19 34 55          4 39 76          1 78 85        
 55 59 68         11 26 53          0 23 57         19 56 79        
  8 12 64         12 45 85         19 27 84         12 17 48        
 23 41 69          3  4 44         16 43 75         24 28 32        
  1 38 52          8 59 65         33 50 58          7 35 42        
 16 57 73          2  9 16         13 17 81         26 61 66        
 10 35 85          6 17 30         11 28 46         11 22 63        
 26 46 50         47 70 82         10 49 53          6 46 62        
 31 44 62         13 23 78         38 44 55         52 69 73        
  6 14 54         31 71 80         15 29 65          9 27 29        
 33 67 74         36 58 69          5  9 21          4 33 70        
  4 20 72         37 61 76         37 45 67         47 54 74        
  5 63 76          0 42 68         34 36 54         30 72 81        
  7 81 84          5 28 60          2 18 24         39 59 83        
 19 36 45         27 46 66         12 25 31         38 43 53        
 22 51 75         21 48 57          6 73 74          8 13 44        
 61 80 83         18 22 72         22 80 85          3  5 84        
 25 29 53         20 40 62         20 69 83         10 15 34        
  3 39 49         33 56 83          1 41 56          0 16 71        
 24 34 47         29 79 86         26 77 78         25 45 86        
  2 70 77          1 14 39         14 35 60         37 65 82        
 21 60 65         32 35 77          3 51 79         49 67 76        
  0 30 32         50 63 84          8 40 66         23 55 75        
 11 13 71         43 64 67          7 52 71         36 51 64        

   WEEK 21           WEEK 22           WEEK 23           WEEK 24        
 16 62 72         21 41 46         66 76 84         13 21 31        
 27 33 34         13 32 74         17 29 62         65 67 75        
 47 55 85         11 62 84          5 38 47         10 38 68        
 15 38 69         52 65 77         19 28 40          6 72 84        
  4 45 46         12 39 51         54 58 67         14 45 63        
 18 64 79          4  5  7         57 83 85         22 29 57        
 42 66 73         19 26 31          0 15 51         58 62 81        
 36 39 65          9 76 80         11 59 79          1  2 36        
 40 49 86         24 82 85         33 42 80         51 54 70        
 48 70 83         18 29 83         25 34 68         23 66 77        
  3 59 75         53 60 86          9 18 36         25 46 79        
  8 21 22         47 71 73         24 30 70         12 35 40        
  7 17 50         30 36 40         43 55 81          0 11 69        
 13 35 53         50 57 78          7 12 74         50 74 83        
 44 63 71          6 55 58         61 71 78         17 18 28        
 54 56 78         16 20 61         26 60 64         15 43 60        
  5  6 20          0 33 79         21 35 56          4 34 52        
 26 30 37          1 54 59         32 49 72         26 55 82        
 24 57 61         23 49 63         16 27 44         27 30 80        
 11 25 51         35 37 43         45 48 50         20 49 78        
 52 60 68          3 66 72          1 13 20         32 37 39        
  1 31 81         28 34 69         31 39 75          5 33 41        
 23 43 76         48 64 81          2  3 37          9 44 73        
  2 12 58          2 56 75         23 53 73          7 19 24        
  9 14 77         14 25 70         14 69 86         48 76 85        
 28 74 80         10 27 42         10 22 52         16 59 64        
 10 41 84         15 17 44          6 41 65          3 47 53        
  0 19 29         22 45 68          8 46 63         56 71 86        
 32 67 82          8 38 67          4 77 82          8 42 61        

   WEEK 25           WEEK 26           WEEK 27           WEEK 28        
  2 13 76          9 12 19         14 48 62         40 81 83        
  9 25 63          3 15 32         17 72 76         18 49 71        
 26 29 69          1 44 83         19 39 86          6  7 26        
 11 30 35         17 49 60         27 55 56         20 48 82        
 10 66 80         10 37 69         43 71 83          0  9 58        
 19 22 71         42 56 81          3  9 40         34 67 79        
 51 52 62         16 51 65         69 74 75         12 27 32        
 31 70 79         11 72 82         15 33 49         39 45 77        
  4  8 24          5 59 74         58 64 70         64 66 86        
 18 40 78         22 46 55          8 51 84          1 23 68        
 12 67 73         21 68 78          2 42 44         36 61 62        
 20 45 64         20 35 41         10 32 46         38 65 78        
 33 43 77          0 66 75         12 20 65          8 11 37        
  5 37 56         18 30 48         28 31 36         53 74 84        
 42 46 82         58 76 77         37 50 79         24 35 72        
 58 65 68         67 71 84          4 41 73         29 46 60        
 14 16 17         40 45 80         16 23 85          4 31 63        
 60 75 83         26 27 54         25 60 61         10 16 54        
  3 54 57          8 23 25         13 38 66         13 70 80        
 44 49 74         53 64 85         11 54 77         28 56 76        
 32 48 84          7 31 61          1 26 63         15 52 85        
 28 53 55         57 70 86          6 29 67          3 25 30        
 21 34 72          2 39 50         21 24 81         41 50 55        
  1  7 86         34 62 63          5 34 45         19 33 73        
  0 41 47         13 33 47          7 47 78         14 47 75        
 27 81 85         14 29 73         18 80 82         44 51 57        
 38 39 61          4  6 79         22 30 59          2 43 69        
  6 36 59         28 43 52         35 57 68          5 22 42        
 15 23 50         24 36 38          0 52 53         17 21 59        

   WEEK 29           WEEK 30           WEEK 31           WEEK 32        
 23 46 83         24 51 83         33 59 76          1  8 69        
 29 54 64         20 29 84         37 63 85         25 32 43        
 31 69 72         16 25 40          3  8 27         17 19 47        
 22 50 76         15 61 68         31 43 54         20 24 63        
  4 28 38          4 21 47         19 41 62         39 52 78        
  2 19 49         77 79 85         35 75 78         13 34 57        
  9 59 78         12 63 75          5 17 61          0  5 40        
  7 45 82          1 27 73          6 23 51         51 60 66        
 53 66 79          5 13 62          1 64 72         36 71 75        
 27 75 86         35 52 80         13 49 58         14 37 64        
  0 20 70         50 56 67         46 69 81         45 65 81        
 12 16 55          6 34 78         29 42 45         29 38 41        
 15 30 67         44 53 76         24 52 79         62 76 86        
 35 39 44         10 17 58          4 74 86          3 67 68        
  1 48 58          9 30 65          2  7 48         48 72 77        
 14 51 80          8 28 71          9 11 20          7 44 70        
  5 68 81         23 26 36         15 39 82         16 26 42        
  6 37 47         32 42 54         73 77 84         23 56 74        
  3 10 77         39 66 70         14 21 26          9 53 83        
 13 18 65          0 37 72         38 50 60         12 33 46        
  8 36 73         14 19 82         12 30 34         35 49 54        
 17 41 63          3 18 46         10 44 47          6 28 61        
 34 60 85          7 22 69         16 22 67         15 21 55        
 11 21 52         41 49 57         18 55 66          2 59 80        
 32 40 71         60 74 81         32 56 70         30 50 73        
 24 42 62         31 38 48         40 57 65          4 10 11        
 43 61 74         33 55 86         53 68 71         27 31 82        
 56 57 84         43 45 59         25 28 83         22 79 84        
 25 26 33          2 11 64          0 36 80         18 58 85        

   WEEK 33           WEEK 34           WEEK 35           WEEK 36        
  6 10 60         16 30 39         38 46 54         30 69 77        
 42 83 84          0 64 78          1 19 42          5 14 43        
 39 57 64          2 26 68         16 21 74          6 44 56        
 12 24 26          5 36 82         57 62 69         27 78 83        
  2 53 82         29 44 80          3 36 56         40 60 67        
 54 68 85         19 57 77         39 72 80         10 19 63        
  9 37 55         37 40 51         34 84 86         23 35 38        
 28 35 86          8 49 50         17 51 82         28 51 73        
 15 16 81         32 61 81          6  8 43         17 26 79        
  0 48 59         12 56 59         12 60 79         21 53 62        
  5 67 78          1 53 70         11 32 76         11 24 39        
 43 47 56          7 11 15          4 26 75         13 37 42        
 19 50 61         13 24 75          9 13 15         16 18 84        
  7 13 30         47 52 86          2 52 66         20 47 76        
 41 52 72          3 23 48          0 24 65         59 61 85        
 11 45 70         46 65 84          7 18 53          0  4 81        
 17 33 71         17 35 66          5 23 64         12 54 66        
 25 36 76         10 45 73         59 63 73         34 49 80        
  3 14 20          6 22 31         47 58 61          8 68 72        
  4 49 69         60 69 71         25 35 71         29 48 71        
 40 44 77          9 33 38         41 48 78          7 36 55        
 22 65 74         41 76 83         27 28 45          3 45 58        
  8 29 34         27 67 72         50 77 81         46 57 74        
 23 62 79         14 28 58         40 55 70          2 32 86        
 21 63 66         20 34 43         33 37 68         31 33 52        
  1 46 80         18 63 74         10 20 67         25 75 82        
 31 32 58         21 42 79         22 49 83         15 22 70        
 18 27 51          4 25 85         29 31 85          1 50 65        
 38 73 75         54 55 62         14 30 44          9 41 64        
