   WEEK 1           WEEK 2           WEEK 3           WEEK 4        
  2 13 17          3 24 32          8 38 42          1 12 16        
 27 36 44         11 12 18          7 37 40          7 23 30        
 14 24 26          8 10 13          0 18 25         14 22 38        
  3  4 20         28 35 42         10 39 41         20 41 43        
  8 29 31          0 20 38         20 21 35          5 25 31        
 21 22 43         14 23 31         13 23 29         13 18 28        
 10 15 32         16 43 44         26 27 43          9 27 37        
 12 33 42         21 25 27          6 15 31          2 32 44        
  9 16 25          2 29 40          9 14 33          4 17 24        
  7 34 38          1  4 37         22 32 36         15 19 42        
  0 23 40          7 22 39          2  4 16          0 29 39        
  1 19 28         26 30 36          1 17 44         33 35 40        
  6 37 41          9 15 34          5 11 24          3 10 36        
  5 18 39         19 33 41          3 19 34          6 11 21        
 11 30 35          5  6 17         12 28 30          8 26 34        

   WEEK 5           WEEK 6           WEEK 7           WEEK 8        
 17 18 19          1  6 24          7 28 44         27 35 41        
 36 37 42         12 25 26          9 26 31         15 18 20        
  0  9 41         13 39 42         20 24 25          4 30 31        
 11 20 34         16 22 30          6 12 27         22 33 44        
  7 12 21          5  7 35          4 22 35         26 32 38        
 15 26 29          0 33 36         17 34 41          9 17 28        
 27 28 32          4 15 38          5 15 43          0  7 10        
 13 16 33         11 31 37          2  8 11         12 24 39        
  8 22 25          2  9 43         14 16 19          3  6 16        
  5 10 23          3 17 23         32 39 40          2 19 23        
  1 14 30          8 14 27          3 13 37         11 25 42        
  4  6 40         20 28 29         10 29 33          5 29 37        
  2 38 39         18 32 34         23 36 38         13 40 43        
 24 31 44         40 41 44         18 21 30         14 34 36        
  3 35 43         10 19 21          0  1 42          1  8 21        

   WEEK 9           WEEK 10           WEEK 11           WEEK 12        
  5 16 38         10 34 37          4 29 44          1 10 35        
 10 27 30          7 25 41         10 11 14         29 34 43        
  2 34 35          4  9 39          2  7 15          7 20 27        
 11 17 26          6 35 36         24 37 43          9 18 40        
 25 28 40         22 23 24          8 23 33         19 24 30        
  8 15 39          8 12 43         13 25 34         21 32 42        
  1  3 41          0 15 30          0  3 12          4  8 28        
 18 23 37         19 20 31         18 26 35          2  3 25        
 24 29 36         18 42 44          6  9 38         14 15 44        
  0 13 31         13 14 21          5 19 32         11 16 23        
  4 32 33          3 28 33          1 22 27         17 31 33        
  7 42 43         17 27 40         16 28 31          5 13 36        
  9 21 44          1 11 38         17 20 39         12 38 41        
 12 19 22         16 29 32         30 41 42         26 37 39        
  6 14 20          2  5 26         21 36 40          0  6 22        

   WEEK 13           WEEK 14           WEEK 15           WEEK 16        
  0 16 34          0 24 27          1 31 39          4 25 43        
  2 24 33         34 40 42          7 13 19          3 15 22        
 19 27 29         19 25 37          8 24 40          9 13 30        
 17 38 43          5 12 44          0 28 43         20 23 44        
  9 23 32         15 23 41          9 11 36         19 36 39        
  5 20 30          1  9 20         35 38 44          0 17 32        
  1 18 36         30 33 38         14 25 32          8 16 37        
  4  7 11         14 29 35         18 22 29          5 14 28        
 25 35 39          7 17 36          3  5 21         11 27 33        
 15 21 28          2  6 10          6 30 34         21 24 34        
  6  8 44         31 32 43         10 12 17          1  7 26        
 10 26 42         11 22 28         15 33 37         12 31 35        
  3 31 40          4 13 26          2 20 42          6 29 42        
 12 14 37         16 21 39         16 26 41         10 38 40        
 13 22 41          3  8 18          4 23 27          2 18 41        

   WEEK 17           WEEK 18           WEEK 19        
  0 19 35          1  5 33          3 27 38        
  8 30 32         11 19 44          8  9 35        
 17 22 37         13 24 35          7 18 24        
 21 29 38         22 26 40         10 22 31        
  1 23 25         15 17 25          1 13 32        
  2 27 31          6  7 32          4  5 34        
 34 39 44         30 39 43          2 12 36        
 12 20 40          0  2 14         14 17 42        
  3  7 14         21 31 41         20 26 33        
 10 16 24         28 37 38         25 30 44        
  6 26 28          4 10 18         11 29 41        
  5  9 42         16 27 42          6 19 43        
  4 36 41          3  9 29         15 16 40        
 11 13 15         12 23 34          0 21 37        
 18 33 43          8 20 36         23 28 39        
