   WEEK 1           WEEK 2           WEEK 3           WEEK 4        
 11 13 28          9 25 47          6 12 59         26 34 48        
 19 30 34          4 19 52         21 25 40         20 27 58        
 38 48 55         21 28 50          0 14 33         23 39 49        
  1 14 44         11 24 57          4 47 48         15 28 31        
  7 20 26         22 26 54          1  3 31          1  8 51        
  5 27 32         20 23 56         36 44 52          9 43 53        
  3 41 49         34 41 51         17 18 39          3  6 38        
 15 36 43         16 31 37         32 50 54         17 22 47        
 22 35 42          2  3 53          2 24 28         35 36 54        
 16 23 24         39 40 43          8 15 49         14 19 55        
 37 40 50         10 36 48         16 26 45          4 25 59        
  4 17 45          1 13 27          7 23 46         12 32 45        
  9 31 58          6 14 32         13 30 38         11 29 44        
 29 33 56          7 12 49          9 10 19         16 33 50        
 10 53 57          5 33 38          5 41 42         18 42 46        
  0  6 51         30 42 58         35 57 58          5 56 57        
  8 21 47          0 17 35         11 55 56          2 30 52        
  2 18 54         45 55 59         27 29 53          0  7 41        
 12 25 52         15 44 46         22 43 51         10 13 40        
 39 46 59          8 18 29         20 34 37         21 24 37        

   WEEK 5           WEEK 6           WEEK 7           WEEK 8        
 33 34 57          9 17 27          1 34 58         19 25 54        
 19 37 41         36 47 57          7 14 47          7 29 57        
 38 52 56         29 35 38         11 25 45         28 36 38        
 12 21 46          4 12 34          4  6 56          9 40 52        
 16 27 59          6 11 26         33 39 44          3 44 56        
 11 32 49          2 15 40          2 36 41         30 39 41        
 13 24 35         13 18 50         30 43 55         15 16 18        
  6 28 55         33 41 52         19 50 57         37 47 59        
 15 23 48          1 42 55         21 22 27          6 27 48        
  0 18 58          3 19 21         17 42 52          8 22 23        
  8 17 26         22 37 39          3 12 48         24 31 53        
 36 39 53         14 23 58          9 26 28         35 43 49        
  3 30 45          5 48 49         13 46 49          4 13 51        
  1 43 47         25 43 46         15 51 53          0  2 50        
  5 50 51          0 20 30         24 32 40         11 14 17        
  7 25 31         28 53 59          5 29 59         10 21 32        
 10 14 54         32 44 51         16 38 54         33 45 58        
  2  4 42         31 45 54         10 20 35          1  5 20        
 20 29 40          7 24 56         18 23 37         12 26 42        
  9 22 44          8 10 16          0  8 31         34 46 55        

   WEEK 9           WEEK 10           WEEK 11           WEEK 12        
  4 18 35          9 13 21         11 34 36         25 28 41        
 28 46 57          5 40 46         37 54 57         30 33 40        
 27 34 56         27 39 52         31 40 41          9 12 36        
 26 29 55         22 41 55          1  6 33         17 43 44        
 14 21 53         34 38 43         10 26 50         14 50 52        
 20 25 38         18 36 49         20 28 42         21 34 42        
  5  6 19         25 26 37          3 18 25         16 19 47        
  8 11 50          7 17 19          2  8 19         22 38 46        
 31 32 52         16 56 58          5 14 24          5 35 53        
 36 40 45          4 31 44         17 51 55          6 18 45        
  1 15 39         12 20 50         45 46 52         10 11 58        
 12 44 58          1 24 54         15 29 32          2 31 51        
  2 13 59          8 33 59         12 35 47         20 24 59        
  0 24 42          3 28 47         21 44 59          1 49 57        
  9 23 30         10 29 30         43 48 56          3  8 32        
 10 17 37          0 32 57          0 13 23         15 26 56        
 47 49 51         11 15 42          7  9 16          7 13 48        
 16 41 43         14 48 51         22 53 58         27 37 55        
  3  7 54         23 45 53          4 38 39          0 39 54        
 22 33 48          2  6 35         27 30 49          4 23 29        

   WEEK 13           WEEK 14           WEEK 15           WEEK 16        
 13 32 58          5 10 15         27 35 41          2  9 48        
  1  7 59         26 30 57          4 26 43          5 12 28        
 40 47 54         12 13 22         15 24 55          4  8 37        
 26 33 49         29 39 47          1 17 29         11 21 33        
  8 24 36         17 32 41          2  5 22         14 18 30        
 10 12 38          8 14 25         10 23 25          1 16 25        
  2 20 21         16 52 53         28 32 33         32 35 59        
  4 27 50         21 23 35          3 11 39          6 24 34        
 14 41 46         19 38 42          7 21 45         20 39 55        
  5 25 44          9 49 59          9 42 56          7 10 42        
 42 43 57          2 43 45          6 36 50         27 40 57        
 39 45 56          0 34 44         19 40 53         23 36 51        
  3  9 15          1 11 48         30 48 59         41 44 47        
  0 53 55         31 50 56         20 49 54         29 31 43        
  6 23 31          4 28 54         12 18 51         17 46 53        
 19 28 29         24 27 51         14 16 57          0 26 52        
 18 22 34          3 20 36          8 38 44          3 22 50        
 16 17 48          7 33 37         13 31 34         13 19 56        
 11 30 37          6 46 58         37 52 58         38 45 49        
 35 51 52         18 40 55          0 46 47         15 54 58        

   WEEK 17           WEEK 18           WEEK 19           WEEK 20        
 13 26 41          7 30 44          2 10 44         17 23 40        
 42 50 59          3 46 51         23 52 59         12 24 43        
 15 35 37          0 28 40          6  7 43         15 25 30        
  5 17 36          6 15 20         41 48 58          0  1 36        
 25 34 39         14 34 35         19 22 49          7 18 52        
  2 14 56          8 13 43         14 29 36         49 50 53        
 12 16 29         25 33 53          5 21 31          4 21 55        
 10 27 46          5 11 47          4 11 53         10 41 59        
 18 33 43          1  9 50         18 32 56          8 39 57        
 31 49 55         17 56 59          3 24 26          5 26 58        
  3  4 40         23 26 38         30 46 50          2 33 46        
  7 32 53          4 41 57          9 35 55         19 44 48        
  1 28 30         21 39 48          8 40 42          9 37 45        
  8 20 48         22 24 45         20 33 51         14 20 22        
 24 47 58         12 19 27          1 37 38         28 51 56        
 23 44 57         16 32 36         13 25 57         32 38 47        
 11 22 52          2 55 58         12 17 54          6 13 29        
  6  9 54         10 18 31         16 28 39         11 31 35        
 19 45 51         37 42 49          0 27 45         27 42 54        
  0 21 38         29 52 54         15 34 47          3 16 34        

   WEEK 21           WEEK 22           WEEK 23           WEEK 24        
 10 24 49         14 26 27         17 34 49         32 39 42        
  8 30 54         13 15 33          4 16 46          2 12 37        
  6 17 25          3 10 52          3 33 35          7  8 34        
 18 26 59         37 44 53         12 40 56         25 35 50        
 47 53 56          9 32 34         47 50 55          3  5 13        
 35 44 45          0  4  5         21 51 58          4 14 49        
 21 52 57          8 28 58          1 10 45         18 38 57        
 13 36 37         24 29 50         19 26 36         23 27 28        
  5 23 55         41 54 56         20 31 57         16 44 55        
 39 50 58         16 30 35          0 22 59         48 53 54        
  3 14 43         19 20 46         15 27 38         20 43 52        
 11 38 40          6 40 49         25 29 42         29 41 45        
 32 46 48         12 55 57          2  7 11         26 40 51        
 16 42 51         42 45 48          5  8 52         19 24 33        
  1 12 41          7 39 51          9 14 39         30 31 47        
  4  9 20          2 23 47         23 32 43         36 58 59        
  2 29 34         22 25 36          6 30 53          0  9 11        
  0 15 19         11 43 59         18 24 41          1 46 56        
  7 22 28          1 18 21         13 44 54         15 17 21        
 27 31 33         17 31 38         28 37 48          6 10 22        

   WEEK 25        
  0 49 56        
 14 38 59        
  8 41 53        
  7 27 36        
 24 25 48        
 33 42 47        
 10 28 34        
 19 31 39        
  2 26 32        
  9 51 57        
 29 37 46        
 11 12 23        
  5 43 54        
  3 17 58        
  1 35 40        
  4 22 30        
 13 52 55        
  6 16 21        
 15 45 50        
 18 20 44        