   WEEK 1           WEEK 2           WEEK 3           WEEK 4        
  0  7 17          7 13 14          8 14 17          6  7 15        
  2  9 12          2 10 16          0  6 12          4 11 12        
  3 10 11          5  8 12          1 11 16          1  9 17        
  4  5 14          4  6  9          2  5 15          0 10 14        
  1 13 15         11 15 17          9 10 13          3  5 16        
  6  8 16          0  1  3          3  4  7          2  8 13        

   WEEK 5           WEEK 6           WEEK 7        
  5 13 17          1 10 12          0  8 15        
  0  9 16         14 15 16          1  2  4        
  1  6 14          0  4 13          9 11 14        
  4  8 10          5  6 11         12 16 17        
  3 12 15          7  8  9          3  6 13        
  2  7 11          2  3 17          5  7 10        

